61
30
4 5 27 35 26 33 27 25 35 8 28 11 15 1 26 8 10 2 12 11 10 10 8 4 8 16 31 25 22 35 
42 3 53 75 42 74 21 6 67 68 40 37 44 69 40 36 66 30 49 69 37 57 69 15 51 12 49 62 8 34 
49
40
1 31 27 29 19 35 7 17 16 32 3 4 12 4 8 2 8 29 9 21 10 20 10 32 14 29 17 14 2 34 21 22 20 9 24 27 12 17 5 29 
53 47 10 43 60 60 20 18 14 55 8 51 69 48 16 74 17 27 11 61 50 23 20 41 53 4 74 77 34 53 16 29 61 16 46 47 49 26 40 22 
73
50
28 22 21 33 32 14 3 25 17 14 17 13 3 23 30 31 31 19 4 13 7 35 7 29 4 19 14 20 34 9 13 30 35 26 18 1 25 20 18 18 29 13 31 10 18 16 30 11 32 1 
48 10 5 56 2 6 70 32 63 7 44 1 74 6 35 45 49 24 72 65 29 10 41 14 61 74 42 40 43 62 48 71 17 31 72 72 32 28 50 31 22 75 17 26 19 77 17 58 72 73 
